4.087662615330665439e+00
1.503169976632706906e+00
3.057682542008227422e+00
2.854677801590978614e+00
3.053906632760179818e+00
3.307479485370960592e+00
3.397525930216167112e+00
1.459622192492788351e+00
2.732640367686903105e+00
1.971799920152521368e+00
2.102490391761757227e+00
1.277736242653095378e+00
9.963541936053511572e-01
1.775624537987566365e+00
3.681096651112426787e+00
3.601758364499820342e+00
1.110875446606534034e+00
3.121911569799440844e+00
2.721603737194755457e+00
2.804403692781622937e+00
2.728231408648987610e+00
1.791141883517151090e+00
2.395849725644456640e+00
3.349767050858512007e+00
2.167036761613758244e+00
2.014645107251662459e+00
3.685824417287820953e+00
3.602536325064075839e+00
3.404599203828972964e+00
2.784681639665450348e+00
3.580135594985341285e+00
1.607336537900722506e+00
5.391543007459854708e-01
2.812209302136286837e+00
3.517028097247190566e+00
1.375473754255255976e+00
