4.024474956899092959e+00
8.706288446524290681e-01
3.257962800044432061e+00
2.193215167200853077e+00
4.442099695863400477e+00
1.173234440019034652e+00
1.519526806041943123e+00
2.083641656271151277e+00
2.112680075341998531e+00
1.038942494727900456e+00
2.096769344255554834e+00
4.494594584995212472e+00
1.108701822749134314e+00
1.700896981791143237e+00
3.230276318197119689e+00
6.927157174542065698e-01
1.878624153791226714e+00
3.152960610786533557e+00
4.266258087093427243e+00
2.458916652107342227e+00
2.572706074165882928e+00
2.655392209532239089e+00
1.940655971332083896e+00
3.680565169832294536e+00
2.489882730906901820e+00
3.852277130361928315e+00
4.093690133127493525e+00
2.293461570462316246e+00
2.061603441147389582e+00
3.237151825001658878e+00
3.327674972788795760e+00
3.653438693413586513e+00
2.269058694347905192e+00
2.477793756451713403e+00
1.771129635883774922e+00
4.139154351846920044e+00
3.346709041149712682e+00
8.188111797615451604e-01
1.375348285406855497e+00
7.655014514613530663e-01
4.019926966481839337e+00
1.045488259535516384e+00
9.900441176169429980e-01
2.060872939495738798e+00
1.487428466951596695e+00
2.690925916811919727e+00
2.108248715868414003e+00
3.176004490926799040e+00
2.083440569622015293e+00
3.068697451222529349e+00
2.531423563323651482e+00
5.016133646514222555e-01
4.394475131303219761e+00
3.093240712019713179e+00
3.028091377207100088e+00
1.603984690297542537e+00
4.609169151965642364e+00
4.092050637701718507e+00
3.573925272294477207e+00
1.520089943362674001e+00
1.418934079257964553e+00
3.259391531573977652e+00
9.415502024001338732e-01
4.728611941873401392e+00
3.625555613935257604e+00
3.318390338134838746e+00
2.506829271618811195e+00
2.158096054793261942e+00
3.928465323073312643e+00
4.303864778651103506e+00
3.638600303301805283e+00
9.907189260778116457e-01
4.398290429788186628e+00
1.138082914997559092e+00
4.647846460346306330e+00
1.499308217825098044e+00
3.584329456993610830e+00
1.132471417459759655e+00
1.189253274734548338e+00
9.295505417755941524e-01
4.651974312661969257e+00
5.444437832944626354e-02
2.081600928076745127e+00
3.927980564654615758e+00
3.383282328439810804e+00
1.102651165561831847e+00
4.314785205587624017e-01
1.323337368240448786e+00
2.188143478167631883e+00
4.500543804681869098e+00
3.880040212207918060e+00
1.464739353076324635e+00
4.584811316169783879e+00
1.642497794126304145e+00
3.921946648224627019e+00
3.524512006055082303e+00
9.066947278470947058e-01
1.311400512395296314e+00
3.792677645473864434e+00
3.201209786971506155e+00
4.935385794769382883e+00
4.418199733547615971e+00
1.068887561399650021e+00
4.417416148649961016e+00
1.399810728848990271e+00
2.258074069066838163e+00
4.206142485638051376e+00
3.836834278334633197e+00
3.189730389415434963e+00
4.074891940072951968e+00
3.196165801209349233e+00
2.075959113290170688e+00
4.087598080196002570e+00
3.879041437717861474e+00
2.407564630763581182e+00
1.206935799551275279e+00
1.352149345066666175e+00
2.995625523384893629e+00
1.151324346489136508e+00
2.107569967060365368e+00
1.260556063831427709e+00
4.759244432158840965e+00
2.109409519088575102e+00
2.577028894030521933e+00
3.544468546278437771e+00
1.841337158118434125e+00
2.310989105376315411e+00
2.888657948797684227e+00
4.853658681811006126e+00
2.430336039224377576e+00
8.960557861359635945e-01
3.527924568725032461e+00
9.955759785674117568e-01
1.875552242582951390e+00
2.315964601247205934e+00
3.552149128414173518e+00
3.438820855948530930e+00
1.144016283947365764e+00
8.450969204568584692e-01
2.639143258382097734e+00
1.007461981190076017e+00
2.821464352051740399e+00
3.929488412484524407e+00
1.163850671433596773e+00
8.888346716441679618e-01
4.179873066973450513e+00
3.536629443288130226e+00
4.074344226640651989e+00
4.685417564128021573e-01
9.450129122888226707e-01
3.373463358144296986e+00
2.671322429265953868e+00
2.986518416632524708e+00
3.943389406238185568e+00
3.103118206225840225e+00
1.687318958624886900e+00
9.397574015594417629e-01
1.719124263745884340e+00
4.387762760453822075e+00
2.960722283518834708e+00
1.652402705425044971e+00
1.894705596850937424e+00
4.350197941629987852e+00
1.706544856166375190e+00
3.882252700727198302e+00
1.608575473459261218e+00
4.214378538619343750e+00
4.065833727436235279e+00
8.589533549179375616e-01
6.531154705566922791e-01
4.510388277442303639e+00
4.506689008389115791e+00
1.286499444285867044e+00
8.414791705460683557e-01
3.642906364149427922e+00
1.980030019661944252e+00
3.591457331738737935e+00
2.532340026246350795e-01
1.337537894792315774e+00
6.127185114816101619e-01
3.820752962736178482e+00
2.962512580513872784e+00
4.647537631398867219e+00
1.970280067177210492e+00
3.313763530321349293e+00
3.844104432519575010e+00
4.015917529154277688e+00
2.509034533907843922e+00
4.454144334047328790e+00
1.310751715956925967e+00
4.237977972530911686e+00
1.320297547520168147e+00
1.963643827086871463e+00
3.979685122554576182e+00
2.076062069821877909e+00
1.884470885781351024e+00
2.602884652925650855e+00
1.267115744696758917e+00
3.510529116965368068e+00
4.204816956269784356e+00
3.489283567879603254e+00
3.558571103152524895e+00
2.442361033714553376e+00
2.958426359417797968e+00
3.856662035116129150e+00
2.076871374818642924e+00
1.310861201156916511e+00
2.009737919601628509e+00
2.229172354801138400e+00
1.916396291112309358e+00
4.116623764557469478e+00
9.401929033483408249e-01
3.566215281714975482e+00
3.543657793428220071e+00
1.836844522287222281e+00
3.596730971944946731e+00
