4.961492219219157285e+00
1.732521082577775040e+00
4.741425784570044932e+00
3.064359389101706910e+00
4.386037811199467562e+00
3.051166175124351287e+00
4.273766015342307156e+00
2.369525407511290371e+00
2.696288671582697916e+00
2.803231386235423450e+00
3.329370600807775027e+00
2.427521729146254970e+00
1.876083667956335299e+00
2.107580883740605593e+00
3.341736886535311868e+00
3.945830103645928677e+00
2.387222750088137779e+00
4.786250630991812471e+00
3.733555174132477283e+00
3.370432177538527085e+00
3.813343766481084085e+00
2.858778262571023632e+00
2.934691566801464813e+00
3.283785976148454466e+00
1.826489906497040128e+00
2.743966653262853495e+00
4.793293977872980172e+00
4.087020845184892615e+00
3.720112207981315144e+00
3.011215417060990163e+00
3.708611980445933209e+00
2.461214581818867320e+00
3.152656211546991827e+00
4.076887842519690608e+00
4.112224839694222034e+00
2.577964792764788182e+00
