4.724699941434856498e+00
2.178669946327924656e+00
4.471344312893459794e+00
2.831409768538348803e+00
4.622190023696833627e+00
1.093756333004600290e+00
2.299859707339746873e+00
2.509347311964240657e+00
2.724422031793938270e+00
1.474780393409926171e+00
3.006729493123250219e+00
4.514582573324443793e+00
1.176721388759399023e+00
1.776674999708492741e+00
3.524915136605617061e+00
1.314165412198053717e+00
3.194762750906781967e+00
4.914131207555800351e+00
4.652312333534518451e+00
2.430973610561370180e+00
3.146828697660459806e+00
2.690854039758343585e+00
2.190547504687794689e+00
4.485363569453125976e+00
2.476968845617493198e+00
4.112703991319445862e+00
4.396254516457202222e+00
2.202210937612907760e+00
2.461125898826663327e+00
3.323023640608306017e+00
4.193672481030817245e+00
4.974001015276801496e+00
2.729837875500121136e+00
4.436082442696678285e+00
2.746119369321475823e+00
4.583049350352971452e+00
4.014418747658792697e+00
2.140124668329838720e+00
1.907422329558244645e+00
1.370635151292759923e+00
5.024314000962881721e+00
1.425267445125955712e+00
1.624331955523919957e+00
2.998947101245269309e+00
2.264771066929762711e+00
3.549218922424754563e+00
2.296951391384225438e+00
3.387891810886326294e+00
3.334130494963849056e+00
4.462097251048886548e+00
4.184569219747536373e+00
1.683472399321845003e+00
4.206044436548713072e+00
2.904832976326786387e+00
4.028001356846226955e+00
1.571519355242042781e+00
5.214020258468829994e+00
4.297072105666116748e+00
4.409176277256412035e+00
2.379449477342056252e+00
1.910564032925300859e+00
3.920531229486120761e+00
1.670030358758864741e+00
5.172828774777770811e+00
3.743611326781879356e+00
4.084027489746890005e+00
2.607064923157683012e+00
1.986563912255915332e+00
4.438138524501992421e+00
4.334424329754192229e+00
3.816975417692727301e+00
1.792017883702347936e+00
4.329683147606283811e+00
2.089379198147392813e+00
4.847105835823408704e+00
2.182102676901249261e+00
4.159452889511237927e+00
1.453433871212732154e+00
1.114949190949403812e+00
1.690927981611625608e+00
5.259192109003572924e+00
1.987082739089258032e+00
2.675129223797465983e+00
4.592193721008097640e+00
3.879199644770633615e+00
2.237530723266488941e+00
1.582838977557201599e+00
1.127818691212533864e+00
2.453087417065642040e+00
4.617141265749215684e+00
4.747352010240543763e+00
1.241270835913434789e+00
5.015966479985680238e+00
2.176833687241780169e+00
4.616394166100571184e+00
3.672831050735231528e+00
2.475198967371956105e+00
1.499230244554861535e+00
4.730593735754788476e+00
3.055159462643537438e+00
5.025156574809368060e+00
4.454381796289929696e+00
9.424748353957442815e-01
4.956692719057556040e+00
1.385274001169605196e+00
2.573859854619410026e+00
4.425946807128726235e+00
4.886730640750383436e+00
4.739491260176330378e+00
5.358153620294680231e+00
4.433304813844293868e+00
2.804880518032654813e+00
5.615128007586467795e+00
4.504228954656758432e+00
2.925128683119839312e+00
8.894932703941133001e-01
1.035564235806569089e+00
3.621538808650545782e+00
2.044125305512047408e+00
3.360251180793578207e+00
1.411687143500849340e+00
4.483311231192349311e+00
2.273902589295717203e+00
2.748185204814678873e+00
4.330920416328048361e+00
1.996638898340209467e+00
3.210870181377956989e+00
4.012392693677447220e+00
5.100096493182871171e+00
4.228060522049495340e+00
1.504064448113711094e+00
4.874036853965034055e+00
1.981034786375322376e+00
2.341195495999651932e+00
2.902509951625477314e+00
4.235212441668172012e+00
4.359624379626210633e+00
1.929729229209702801e+00
1.831058057030874986e+00
4.027110343271190551e+00
1.426718156507204238e+00
3.339120123187598210e+00
5.009732645470585055e+00
2.232807467492550657e+00
2.084175720828751910e+00
4.980895278421122008e+00
4.481736278303724674e+00
5.896044347781262296e+00
2.413116068024398597e+00
1.635664688526936583e+00
4.685694068331808460e+00
3.677044679145629047e+00
4.158941425749196341e+00
4.144003619612083966e+00
3.234526916783486250e+00
2.717662524655149792e+00
1.367926332734616723e+00
1.576923528374023498e+00
5.522339661494032548e+00
4.032788595756239047e+00
1.868733577249923394e+00
2.791915339992306233e+00
5.607054913163691090e+00
2.765895207138034717e+00
5.364465050651230804e+00
2.570522246248153841e+00
4.884720703415123211e+00
4.756641015134265515e+00
1.317667482789228961e+00
1.806062292682915738e+00
4.666767481958070007e+00
5.251490448313929527e+00
1.415815422268649648e+00
1.168812039630151567e+00
4.287637287500527528e+00
2.423173597363560194e+00
4.619663281674686317e+00
1.796798582076438944e+00
2.343756075245131409e+00
1.898472311062687767e+00
5.009189524208440325e+00
4.269293226529426555e+00
5.132743189130357209e+00
3.413447300285132435e+00
4.228573020931378323e+00
4.283862606083475022e+00
4.033741475874633053e+00
2.786931100663958105e+00
4.777967511457648087e+00
2.429313048194167823e+00
4.592976383242675098e+00
1.930225879602820216e+00
3.764582255308571046e+00
5.704740480470791297e+00
4.097827489380445165e+00
2.266130287686680234e+00
4.088934714256343916e+00
2.503987515075833503e+00
5.043998300166537163e+00
5.609629260371386650e+00
4.519600624162079860e+00
3.699313317447452842e+00
3.619910941518758918e+00
3.031830053018120363e+00
3.906604745570686710e+00
2.719930196424632296e+00
1.032179757515190088e+00
2.043231158791933844e+00
2.706611866784931930e+00
2.227258915401295170e+00
5.146715142749889615e+00
1.181042223667042590e+00
3.904191980357594183e+00
3.811865109116476802e+00
2.988632818923730561e+00
4.248341091568215155e+00
